// ALICE
OPERATOR_PRIVATE_KEY = 302e020100300506032b657004220420fb1d0f295a708210da17ea452319a1c28a8ec13f7ad0978a9b4fca9a2ede0af9
OPERATOR_ACCOUNT_ID = 0.0.4002137

// BOB
RECEIVER_PRIVATE_KEY = 302e020100300506032b6570042204200545fcd23f8c4efbff40e79852fc80522209b4f50fcf7a2fb7628e84cdb764d4
RECEIVER_ACCOUNT_ID = 0.0.4004607